2 26
14 15
9 11
10 11
2 24
22 25
17 29
11 19
5 14
8 21
2 28
12 21
2 27
15 20
5 26
23 24
7 14
16 29
18 23
4 12
21 22
0 10
24 26
5 12
3 28
5 22
2 18
25 26
28 29
0 11
0 15
9 29
21 29
15 21
0 9
9 20
5 17
11 13
4 24
8 29
3 24
19 22
10 22
10 23
2 8
1 27
5 11
23 29
0 13
13 22
4 28
7 24
7 12
7 10
19 27
0 5
25 27
4 20
15 23
16 26
4 5
11 17
6 16
8 13
14 28
4 10
9 12
20 24
4 25
6 28
7 8
6 15
3 23
3 18
6 19
0 16
16 20
9 24
19 23
15 26
10 17
12 15
7 22
6 9
15 29
2 11
22 23
25 29
20 27
20 26
3 27
3 20
6 17
11 23
17 24
6 7
10 13
3 14
11 26
0 17
9 22
2 15
17 22
8 15
2 21
10 24
5 20
18 27
4 26
4 7
7 25
0 4
16 27
4 11
18 22
26 28
11 25
1 28
0 18
3 15
8 18
15 27
2 29
10 26
27 28
0 2
20 23
14 24
15 24
14 18
14 20
11 12
17 27
9 19
6 20
18 26
1 16
1 13
5 21
26 29
12 14
3 21
0 23
13 15
13 23
1 18
5 23
8 16
3 19
13 24
8 24
6 14
12 22
18 28
8 26
8 12
13 28
1 23
6 18
7 21
10 21
1 29
15 25
7 18
3 9
22 24
9 16
9 15
13 29
11 14
4 15
2 17
6 21
0 8
19 20
13 20
7 19
1 24
2 4
3 22
2 7
18 29
5 27
25 28
11 15
16 17
4 23
14 26
5 7
2 3
3 11
19 28
17 26
8 14
13 21
6 26
20 29
6 12
2 22
8 11
22 26
9 25
5 10
6 24
18 20
17 21
5 6
19 25
0 6
4 27
13 17
14 17
23 28
2 13
18 19
13 25
7 17
10 15
1 9
0 22
2 25
23 25
4 17
22 29
17 19
22 28
24 28
24 27
4 16
9 28
5 25
3 8
11 18
6 10
10 27
19 21
9 26
16 19
8 28
0 19
15 22
19 29
11 27
14 25
21 23
5 8
1 11
14 19
0 1
0 27
0 14
16 28
3 7
0 29
13 16
9 10
3 26
1 7
3 17
14 23
21 28
