3 6
2 11
0 1
25 26
9 19
8 9
5 9
8 12
6 18
12 20
6 25
2 6
11 15
4 16
6 16
15 17
5 21
3 15
26 27
8 24
22 24
8 19
11 25
2 13
12 15
8 27
14 27
11 21
12 29
1 11
1 12
7 22
1 7
5 13
17 26
11 13
1 29
4 8
0 27
11 23
1 26
12 17
3 4
2 19
6 10
13 24
8 29
0 8
1 3
19 20
22 25
23 29
0 19
7 14
3 10
12 25
17 27
12 14
3 28
1 20
15 26
13 15
0 4
14 15
9 25
0 26
13 18
25 29
11 19
24 25
14 24
17 28
4 10
16 25
2 26
18 24
21 28
12 18
13 28
6 7
16 24
19 24
10 13
0 15
2 12
12 13
5 28
8 20
1 10
10 18
19 21
13 21
20 28
5 14
14 26
0 10
1 19
3 24
4 17
21 29
0 5
22 29
1 13
17 25
2 29
22 26
7 12
17 18
4 18
18 28
15 27
14 21
4 6
9 10
5 8
9 23
0 12
1 6
13 27
0 25
13 26
0 3
6 19
15 29
10 11
13 20
5 10
6 12
18 19
0 22
21 22
9 21
10 22
5 26
6 26
6 11
6 17
14 16
5 12
4 12
5 19
2 9
10 12
22 27
12 21
3 25
16 19
16 21
17 29
15 20
19 27
25 27
22 23
8 26
17 22
4 22
18 29
13 17
2 14
11 16
4 24
18 27
4 20
16 29
3 29
9 28
15 23
5 25
10 28
8 15
8 22
14 23
16 22
7 29
1 25
10 26
5 20
3 16
27 29
15 28
24 26
23 28
11 26
13 29
16 18
16 28
2 23
20 27
7 24
3 14
24 29
11 22
5 11
7 26
7 27
6 9
9 26
16 23
8 16
13 19
0 21
18 20
9 14
2 20
23 26
9 24
6 13
4 28
7 16
22 28
4 29
14 18
20 29
17 23
1 24
16 17
6 28
9 29
4 23
9 15
20 22
7 17
18 23
5 6
4 5
8 17
3 13
6 15
0 6
5 27
11 28
6 29
18 25
10 17
12 26
0 28
0 29
10 29
0 13
1 23
14 20
2 3
28 29
3 12
18 22
3 20
5 15
19 26
9 22
7 9
0 24
7 11
4 26
19 22
12 23
26 29
9 16
20 21
2 8
7 21
2 25
