17 27
14 33
3 29
3 11
19 38
4 32
1 21
7 37
20 24
0 17
9 28
17 18
2 39
24 28
10 39
12 35
32 35
12 26
4 39
6 19
28 31
25 27
16 31
8 34
2 9
36 38
2 11
18 30
32 33
11 14
27 32
0 30
19 36
4 20
11 31
8 24
11 16
2 24
1 17
5 6
9 39
3 25
12 14
12 30
10 16
21 28
22 29
10 26
18 21
13 17
18 28
18 23
15 19
21 27
16 30
4 10
12 24
15 33
4 17
9 18
4 27
6 10
5 23
1 29
13 28
1 5
9 34
16 23
9 17
19 20
9 21
24 34
11 26
6 36
9 31
20 38
8 15
35 38
5 21
24 30
12 29
19 35
21 31
28 37
16 36
1 23
0 22
9 26
21 29
10 28
5 26
18 29
4 34
2 21
0 19
0 20
1 30
9 38
14 29
6 13
31 33
14 22
5 8
29 30
16 24
6 39
11 36
1 34
33 34
10 22
6 20
3 37
5 38
33 35
8 10
12 27
9 32
3 26
2 16
0 8
20 26
3 13
16 35
29 36
6 22
3 9
5 14
16 20
15 32
14 38
15 31
21 35
0 34
22 36
15 24
3 36
7 32
6 21
29 33
27 36
0 10
19 26
4 14
8 16
15 36
2 29
16 17
5 24
6 23
22 25
5 22
7 16
4 30
20 30
7 9
3 7
30 32
5 35
0 11
9 14
1 32
3 17
34 39
13 34
8 9
11 25
26 33
22 27
12 20
6 28
22 24
12 22
30 35
15 29
27 35
7 19
8 23
0 13
28 32
7 34
5 27
23 39
6 12
31 36
30 36
12 33
27 30
14 23
2 13
2 26
2 27
8 39
2 22
21 37
9 33
25 31
15 18
29 31
6 30
18 22
8 32
9 20
9 15
13 38
6 9
14 16
10 13
7 29
21 39
5 10
0 38
9 24
17 32
14 35
19 34
19 32
10 18
2 18
18 35
17 24
2 37
13 18
0 39
22 32
19 31
11 38
14 27
27 34
6 33
11 20
23 30
2 33
22 37
19 24
10 36
20 32
12 25
5 25
5 17
28 34
9 11
0 23
16 28
33 39
10 23
0 1
10 29
16 27
13 14
2 10
25 34
1 22
3 12
4 36
0 36
13 21
0 24
16 19
6 14
7 8
22 30
11 24
7 36
11 34
21 34
3 20
1 24
0 25
2 8
36 37
1 12
16 39
10 12
22 31
28 38
3 34
26 36
3 15
12 32
5 36
4 11
11 29
20 21
2 15
14 36
38 39
11 32
4 33
22 33
11 33
14 26
26 32
15 39
26 34
14 28
10 34
8 14
19 21
17 21
14 17
0 26
22 39
8 29
0 9
2 7
19 22
2 34
23 37
7 39
24 25
1 28
1 20
