13 20
22 25
7 27
2 17
31 37
29 34
2 35
29 31
11 23
5 9
14 20
6 34
7 25
23 33
4 9
2 8
8 10
9 21
6 19
2 29
6 25
16 37
17 20
20 24
8 19
17 29
15 34
33 38
2 32
24 27
3 4
20 31
18 26
16 31
9 36
11 19
34 39
26 37
16 19
7 18
30 39
36 37
12 35
26 29
12 29
15 26
13 17
26 33
6 10
17 31
9 31
0 1
12 34
13 34
14 23
32 39
3 33
0 21
8 18
3 29
2 7
15 38
8 33
13 38
0 3
2 36
20 25
4 32
0 23
18 39
27 38
18 20
6 20
23 35
10 29
22 31
19 35
28 35
9 37
12 37
14 39
14 29
6 8
13 29
15 27
27 28
2 24
17 25
8 26
20 27
14 24
10 36
7 38
20 37
31 34
1 2
0 36
19 37
31 36
1 30
3 11
9 33
1 5
11 20
6 38
7 29
7 10
16 29
33 36
21 39
17 34
6 14
2 22
24 30
19 31
1 34
3 39
29 36
17 23
32 38
13 21
0 10
10 31
1 14
10 17
8 27
6 24
3 16
0 6
2 3
2 37
13 24
21 27
4 10
3 30
2 39
20 39
38 39
23 30
7 21
12 31
4 15
8 20
30 34
28 32
20 26
1 28
21 37
13 19
6 22
24 35
1 12
26 34
4 8
14 21
3 15
3 21
27 31
8 15
6 12
24 28
19 39
25 37
5 10
3 25
20 36
14 34
12 19
12 32
0 14
18 23
14 33
24 31
1 8
2 6
3 37
2 33
3 23
6 18
19 24
23 34
28 29
15 22
5 31
20 23
12 30
30 38
19 32
0 35
2 4
11 24
2 16
19 38
10 39
12 17
6 30
12 20
4 23
16 24
6 29
9 22
23 29
8 39
7 15
7 37
36 38
5 13
15 17
8 38
18 19
33 39
3 9
21 32
11 38
12 26
25 36
8 34
6 26
5 11
3 12
1 9
21 24
15 29
8 12
23 25
4 18
12 23
11 22
1 11
1 22
4 31
32 34
19 27
7 16
17 27
2 38
7 12
10 12
18 34
11 16
14 28
3 14
8 29
1 4
28 36
6 9
16 21
13 23
8 22
23 39
0 19
12 33
7 19
29 35
13 36
15 36
19 34
4 25
14 22
22 27
22 28
28 33
21 33
4 20
2 30
13 33
13 14
18 37
22 24
7 13
4 24
4 36
10 20
22 26
24 29
24 34
20 29
25 26
8 21
2 14
29 37
1 24
10 26
36 39
8 24
3 19
8 37
15 32
7 32
26 31
23 37
3 26
5 18
8 30
10 25
0 33
17 39
11 25
28 31
28 37
15 31
5 16
16 22
4 17
10 22
4 29
6 11
20 28
1 26
3 7
2 27
14 16
