15 29
13 22
9 29
1 27
22 23
15 26
16 19
2 25
19 23
1 28
12 21
7 21
11 14
11 20
0 21
1 4
9 23
9 19
2 23
8 24
12 22
1 15
0 11
10 19
4 19
5 9
4 11
7 24
2 21
0 23
6 12
4 27
0 3
5 17
15 19
2 12
1 6
2 11
6 21
4 18
3 10
8 12
20 29
21 26
1 24
4 14
7 27
5 18
27 29
5 14
14 15
7 16
14 23
1 19
11 27
12 27
18 21
8 28
2 4
14 20
11 28
3 26
15 27
16 27
10 18
19 29
7 12
2 24
6 28
3 25
10 21
12 20
7 9
1 25
0 29
9 11
11 19
0 5
2 22
13 18
0 13
9 21
17 29
6 14
2 6
7 23
8 27
19 22
8 29
4 12
3 24
11 13
13 14
21 27
5 16
19 20
3 5
8 19
11 17
18 27
2 15
2 28
5 22
3 11
8 18
3 4
10 28
4 6
1 23
0 2
12 17
7 28
16 25
3 29
14 27
3 17
8 26
17 28
21 23
3 23
16 21
25 27
6 29
6 23
1 3
5 23
12 23
8 10
15 28
5 15
1 29
10 24
18 24
4 24
20 26
11 26
23 25
1 11
11 22
20 24
22 29
25 29
3 9
25 28
24 27
5 24
4 21
12 15
1 7
5 11
18 28
10 27
1 13
9 22
3 7
6 20
1 26
0 14
6 10
9 18
15 24
1 17
6 17
12 13
17 20
7 22
5 25
12 26
6 26
15 20
3 15
4 8
4 5
4 16
6 24
2 17
7 14
18 22
11 29
15 23
9 17
2 19
10 26
25 26
0 17
12 18
17 24
14 28
16 17
5 13
16 18
11 25
14 21
4 7
19 27
1 8
16 28
0 6
6 25
4 22
4 10
6 15
2 13
8 17
5 29
26 29
0 22
10 12
1 5
5 12
6 27
0 8
6 9
0 18
18 20
4 13
4 17
11 21
12 28
0 27
17 22
0 25
23 27
9 14
12 29
1 9
2 27
13 21
2 8
6 8
6 22
1 10
3 12
14 22
0 26
16 26
4 15
0 20
15 18
4 29
8 13
8 9
7 26
8 11
3 28
21 24
5 28
2 14
9 27
13 25
14 18
9 20
10 25
5 21
13 29
22 24
17 27
7 15
2 3
0 16
3 13
