20 26
31 32
10 39
10 24
11 18
6 33
14 38
4 7
22 29
12 15
3 24
4 21
0 19
21 39
1 35
26 30
13 15
15 23
6 37
8 16
4 16
10 36
10 16
31 34
17 35
2 3
0 12
15 25
18 37
9 37
0 10
0 38
18 39
16 19
28 37
7 21
6 7
7 24
9 31
22 34
0 9
6 17
5 20
2 14
4 24
11 25
7 38
16 28
7 27
11 22
21 34
19 36
5 29
14 21
4 38
9 30
12 25
25 36
26 27
5 32
6 27
0 23
19 20
16 18
23 31
13 33
16 22
1 3
20 22
24 33
16 38
3 32
8 17
1 5
1 12
26 28
37 38
8 39
11 20
17 18
16 32
22 25
13 23
29 34
1 28
5 31
2 12
32 37
6 24
3 37
5 10
16 21
0 37
9 12
28 33
33 37
8 18
19 38
5 21
5 28
21 33
23 38
12 23
21 24
3 22
19 25
7 11
19 37
6 8
22 24
1 39
2 5
12 29
9 28
8 21
6 26
3 25
0 7
10 12
17 23
4 15
6 28
9 17
2 6
0 3
24 30
3 17
2 32
4 32
6 39
30 31
4 10
12 36
8 38
11 17
20 39
24 26
0 28
26 35
18 21
9 19
5 25
8 24
20 38
3 38
6 18
1 38
9 24
30 38
28 36
17 37
32 38
1 7
10 18
22 27
0 14
14 24
18 31
1 22
14 27
16 37
9 22
22 32
5 34
20 32
23 33
18 35
2 19
16 24
5 16
9 39
26 37
3 35
25 37
19 22
16 35
6 22
12 22
29 36
20 24
30 39
6 21
25 33
18 30
13 30
0 24
15 28
24 29
16 34
9 35
24 34
10 37
36 39
2 24
5 15
29 35
9 10
6 10
15 19
1 27
27 31
1 11
21 32
19 34
0 17
29 39
0 4
6 13
28 38
7 19
3 27
2 8
17 36
34 37
2 7
19 31
17 27
3 26
3 12
33 39
8 31
4 18
6 25
10 25
16 29
4 22
24 38
21 37
1 14
1 29
31 36
5 8
4 37
17 28
25 38
13 37
23 35
13 22
12 13
5 12
10 23
14 31
9 29
8 11
9 26
19 28
15 39
8 36
11 39
24 27
8 19
12 33
17 22
25 34
29 38
10 31
21 38
21 28
18 19
13 19
2 38
10 22
3 31
18 38
11 37
23 24
0 6
18 22
3 9
20 35
3 19
5 22
38 39
1 36
27 30
24 25
32 34
7 39
17 31
25 28
18 28
2 36
12 19
8 30
4 9
5 36
27 37
8 15
12 28
27 35
14 29
28 32
6 34
4 30
16 17
11 36
20 27
13 14
5 39
3 33
22 37
9 21
11 21
1 16
7 32
29 30
13 29
18 23
23 37
0 32
14 34
9 23
