4 8
4 23
34 38
15 19
22 31
7 18
1 30
37 39
12 20
16 21
10 37
20 34
8 38
25 37
6 33
12 24
31 38
0 14
7 27
28 33
21 33
13 34
1 17
9 26
9 38
16 36
5 33
2 4
14 26
9 25
4 7
13 22
8 15
17 29
6 24
14 27
29 39
20 24
13 29
3 12
22 33
2 19
10 29
1 19
24 28
8 34
3 15
34 37
7 38
10 17
33 39
5 18
0 29
13 30
28 32
17 38
11 28
12 19
0 8
7 15
31 33
0 26
4 27
6 34
2 34
10 25
25 36
30 32
9 11
4 25
29 30
13 20
4 21
13 24
17 28
3 37
16 26
4 20
18 22
16 25
12 33
31 34
13 32
4 39
20 33
4 31
16 30
30 31
0 24
5 23
9 37
23 34
14 38
13 26
16 35
9 36
14 32
9 10
23 25
8 19
18 39
15 21
17 36
23 32
18 26
19 36
11 27
9 24
4 6
7 33
5 25
15 39
5 37
16 27
29 37
11 17
11 20
1 4
0 2
26 37
8 24
17 24
13 27
18 25
3 34
3 7
33 36
28 29
4 37
10 14
13 25
5 30
6 26
0 11
10 38
2 21
27 28
27 37
7 9
6 11
11 21
24 32
11 12
2 9
17 31
10 12
17 26
11 16
27 38
18 29
30 39
8 32
6 15
9 18
18 28
31 36
8 10
4 24
0 38
15 18
18 20
8 37
12 26
14 29
13 17
33 35
0 28
15 36
16 29
21 25
15 32
29 33
11 13
20 28
0 30
17 27
11 32
4 29
11 25
8 27
23 37
29 35
14 15
32 34
25 33
1 14
16 18
19 31
8 29
15 16
36 38
26 38
28 36
11 37
13 23
5 7
7 39
19 33
22 35
12 29
26 32
10 22
24 26
1 12
7 35
4 9
30 38
1 9
10 34
33 34
4 15
35 38
28 39
28 38
4 5
4 11
22 23
20 22
18 31
6 17
7 26
4 18
12 34
13 39
6 9
1 15
8 14
1 3
23 26
11 34
7 36
2 31
10 39
34 36
11 38
20 31
9 16
3 25
16 17
10 27
4 38
31 35
13 28
22 27
23 30
0 32
23 31
21 38
6 38
0 27
3 17
10 20
20 39
2 16
5 6
10 18
33 38
0 7
3 6
17 37
2 25
21 39
16 28
26 34
3 23
22 32
27 29
2 24
12 25
27 32
8 30
24 31
6 10
4 28
1 28
9 20
6 30
3 16
25 35
5 27
14 20
6 22
26 33
0 34
17 18
19 32
6 39
1 25
13 18
8 31
5 26
18 19
24 38
19 37
9 34
5 14
0 3
10 33
1 21
10 19
22 29
17 19
14 37
8 18
24 33
7 24
7 34
15 25
4 10
21 24
14 19
4 14
