21 26
1 27
12 21
24 25
18 20
4 7
2 19
12 19
7 18
1 10
13 29
9 13
4 19
15 29
0 19
14 17
22 24
24 29
11 28
6 20
2 29
4 24
1 23
10 13
5 18
11 22
5 24
20 24
12 18
19 21
2 4
12 22
17 22
3 12
1 7
8 25
10 19
12 29
11 19
22 26
1 28
8 29
0 12
11 25
12 13
18 27
3 25
1 12
12 16
4 23
5 12
7 26
0 6
10 14
15 27
3 13
2 9
2 11
16 21
14 28
2 10
13 15
2 15
7 27
14 25
3 11
3 20
11 13
11 14
10 18
3 17
8 17
8 16
0 24
17 24
4 25
4 14
14 23
11 20
6 13
2 23
1 13
2 6
8 12
5 15
1 26
24 26
3 28
4 28
2 24
3 16
8 19
18 19
20 28
11 26
17 26
8 28
24 28
10 16
4 5
2 27
13 21
6 24
2 12
22 25
7 10
8 18
3 14
19 24
16 20
0 11
7 14
5 29
25 27
7 8
0 15
6 8
25 29
11 16
10 26
9 23
6 27
1 2
19 28
9 27
4 26
6 18
18 26
4 17
9 26
1 11
20 23
16 29
19 20
15 16
6 10
3 5
0 20
11 17
12 23
14 18
21 22
4 15
3 10
15 24
10 11
5 27
1 19
17 20
1 21
23 27
9 18
9 25
9 21
20 25
9 11
13 23
9 17
14 29
20 29
9 14
6 7
9 20
6 15
2 5
4 12
15 19
26 27
9 28
5 25
12 26
6 11
6 23
22 29
8 14
4 20
9 24
21 29
16 24
13 22
7 11
15 23
13 18
5 17
7 12
10 15
6 12
7 24
11 29
11 21
2 25
15 18
4 6
20 26
11 27
10 28
14 24
15 20
15 22
21 27
8 13
4 18
5 11
8 27
8 23
3 19
5 10
9 29
5 22
4 11
15 17
13 16
1 24
25 28
14 20
7 28
12 28
24 27
15 28
18 29
6 9
8 9
10 21
21 24
5 6
9 19
18 24
16 27
3 9
4 21
5 26
9 10
5 23
7 23
23 28
7 9
17 25
17 18
15 25
13 19
10 29
16 22
16 23
27 29
19 25
6 28
1 9
4 10
14 16
0 17
1 3
6 26
11 18
25 26
27 28
14 22
26 28
5 13
10 12
2 18
14 19
