9 22
28 30
2 14
25 37
11 38
17 18
27 31
0 13
13 32
8 14
24 38
20 30
10 36
16 32
21 30
24 36
22 23
24 31
2 30
7 29
13 31
0 24
1 13
31 39
3 39
32 33
2 24
3 32
13 30
8 22
23 36
17 28
22 30
24 29
8 10
10 27
6 38
11 12
20 36
35 39
17 35
12 32
3 26
4 13
8 20
4 22
3 27
15 34
6 21
5 11
2 10
16 39
0 8
5 17
7 37
6 29
16 31
11 29
28 29
4 8
11 17
4 34
18 37
24 27
20 28
20 21
2 37
0 36
20 35
28 34
7 31
15 19
5 30
0 21
12 36
2 33
15 22
0 27
12 13
2 15
15 18
3 15
1 4
13 33
26 38
10 37
10 23
11 31
9 34
21 24
10 26
1 27
6 39
1 3
0 1
12 37
0 19
11 21
30 34
0 17
18 21
1 17
5 18
9 28
33 35
13 24
37 38
0 14
21 31
3 24
6 20
4 27
31 36
6 26
5 28
14 36
8 23
1 29
16 21
5 26
10 38
3 4
3 11
29 31
20 25
15 36
0 11
14 23
29 32
19 21
22 36
17 20
27 29
1 10
19 27
16 35
19 25
1 22
8 21
17 34
0 9
2 18
12 17
10 35
21 35
6 8
25 30
7 33
12 24
1 21
17 29
13 22
20 24
35 37
26 29
8 13
4 21
24 34
3 25
8 15
11 33
8 28
7 26
14 31
35 36
31 35
10 39
0 39
6 30
24 32
3 19
12 21
3 7
21 39
16 33
23 34
3 31
31 33
18 32
3 16
0 33
0 6
1 2
2 25
0 26
11 36
19 26
5 37
8 26
4 37
25 38
4 36
2 31
3 22
12 35
2 7
7 32
6 14
25 35
18 28
0 2
5 13
13 25
29 35
8 30
8 29
11 28
2 32
5 6
3 30
2 34
1 14
7 18
2 23
5 7
32 36
32 39
6 12
10 33
21 25
18 24
27 28
1 16
6 35
11 13
18 34
8 35
20 37
4 12
22 28
20 27
18 22
18 20
10 19
0 37
28 37
2 22
34 36
5 35
5 19
22 32
18 36
29 39
14 27
13 35
8 32
22 25
2 29
11 30
9 11
7 19
4 9
4 7
23 31
11 16
33 34
7 14
6 23
0 29
5 8
8 9
16 29
12 23
25 29
8 38
20 33
18 19
10 13
1 32
37 39
16 28
10 32
18 35
6 9
19 24
12 34
9 10
2 21
5 9
12 30
1 15
11 25
12 38
13 23
23 33
9 29
8 36
30 35
17 38
5 15
16 34
19 37
3 34
11 24
10 16
6 15
12 20
23 26
0 7
22 33
2 5
3 29
15 30
36 37
25 39
28 36
5 24
2 19
19 22
14 18
31 34
17 26
