2 10
8 13
5 29
1 3
19 20
3 16
11 28
12 22
6 24
21 27
4 21
1 15
0 1
5 14
0 9
14 24
14 23
7 29
10 26
2 25
13 27
12 27
1 7
4 12
10 29
6 7
10 15
3 14
2 8
1 8
17 19
13 17
4 10
13 16
0 10
0 27
8 11
26 28
1 25
17 28
13 28
4 25
5 19
0 11
1 4
6 12
13 15
19 25
9 24
18 25
24 29
11 27
14 21
6 9
18 21
7 23
12 24
9 27
14 15
2 12
19 23
1 10
7 20
0 29
1 12
25 29
6 20
10 27
4 23
25 26
6 22
6 21
0 24
0 6
0 20
28 29
11 17
13 20
20 21
2 4
5 6
11 20
5 12
1 27
1 18
7 14
7 8
5 28
16 21
9 26
2 6
14 27
7 19
15 18
26 27
4 26
9 22
5 8
16 29
9 29
19 22
20 27
8 9
8 18
0 4
12 16
1 17
5 17
11 24
0 16
12 18
3 18
6 28
17 20
16 22
13 26
12 19
4 5
16 19
5 24
13 19
15 25
13 18
3 8
12 20
0 7
10 18
5 20
1 21
3 6
21 22
10 24
6 10
4 7
22 23
3 27
5 18
1 29
0 14
8 25
12 13
21 29
15 19
12 25
14 20
3 15
3 21
12 15
24 25
2 29
0 5
8 23
10 25
5 15
3 26
15 16
1 16
9 20
7 28
5 9
0 22
14 18
5 21
11 13
9 23
16 23
2 16
7 12
3 7
14 17
4 8
3 23
2 13
16 25
23 24
4 24
22 24
8 19
4 14
2 18
13 24
11 18
7 15
4 11
18 26
2 11
17 22
0 15
10 23
18 23
23 29
1 24
18 19
16 17
3 24
5 27
8 15
12 28
12 14
7 26
18 28
1 2
3 13
9 16
19 24
15 28
24 28
11 12
6 18
14 22
3 28
22 28
4 28
17 26
14 25
19 29
7 16
4 13
10 28
15 21
0 25
1 26
3 29
13 21
5 22
0 21
1 19
14 28
16 20
7 27
3 22
9 28
3 12
17 18
17 25
6 19
16 28
15 23
8 14
0 28
16 26
20 28
15 17
5 23
0 12
14 19
9 12
2 20
7 9
2 9
27 28
8 22
4 6
2 21
10 12
2 5
0 13
14 26
3 20
17 23
6 13
